,Date,Cases_Male,Cases_Female,Cases_Gender_Unknown,New_Cases_Male,New_Cases_Female,New_Cases_Gender_Unknown
2,5/21/21,158527,178444,2892,91,110,0
3,5/20/21,158436,178334,2892,89,142,25
4,5/19/21,158347,178192,2867,105,132,7
5,5/18/21,158242,178060,2860,138,155,20
6,5/17/21,158104,177905,2840,35,37,-5
7,5/16/21,158069,177868,2845,48,55,-8
8,5/15/21,158021,177813,2853,92,105,5
9,5/14/21,157929,177708,2848,109,129,12
10,5/13/21,157820,177579,2836,94,112,-14
11,5/12/21,157726,177467,2850,110,119,-5
12,5/11/21,157616,177348,2855,109,119,5
13,5/10/21,157507,177229,2850,36,46,-6
14,5/9/21,157471,177183,2856,45,45,5
15,5/8/21,157426,177138,2851,110,130,5
16,5/7/21,157316,177008,2846,99,118,5
17,5/6/21,157217,176890,2841,102,92,-6
18,5/5/21,157115,176798,2847,180,103,15
19,5/4/21,156935,176695,2832,124,154,18
20,5/3/21,156811,176541,2814,27,43,-9
21,5/2/21,156784,176498,2823,67,69,1
22,5/1/21,156717,176429,2822,119,111,13
23,4/30/21,156598,176318,2809,104,113,-21
24,4/29/21,156494,176205,2830,85,148,7
25,4/28/21,156409,176057,2823,115,164,12
26,4/27/21,156294,175893,2811,109,138,-18
27,4/26/21,156185,175755,2829,29,42,-8
28,4/25/21,156156,175713,2837,28,40,-4
29,4/24/21,156128,175673,2841,78,84,22
30,4/23/21,156050,175589,2819,97,127,12
31,4/22/21,155953,175462,2807,69,90,2
32,4/21/21,155884,175372,2805,151,189,12
33,4/20/21,155733,175183,2793,99,105,-6
34,4/19/21,155634,175078,2799,32,31,-4
35,4/18/21,155602,175047,2803,20,25,0
36,4/17/21,155582,175022,2803,110,104,7
37,4/16/21,155472,174918,2796,116,109,12
38,4/15/21,155356,174809,2784,138,144,1
39,4/14/21,155218,174665,2783,90,130,0
40,4/13/21,155128,174535,2783,103,116,5
41,4/12/21,155025,174419,2778,37,35,-3
42,4/11/21,154988,174384,2781,55,54,-9
43,4/10/21,154933,174330,2790,89,107,-25
44,4/9/21,154844,174223,2815,94,89,-5
45,4/8/21,154750,174134,2820,116,110,-27
46,4/7/21,154634,174024,2847,114,141,-11
47,4/6/21,154520,173883,2858,85,100,-22
48,4/5/21,154435,173783,2880,25,32,-13
49,4/4/21,154410,173751,2893,34,46,4
50,4/3/21,154376,173705,2889,121,89,7
51,4/2/21,154255,173616,2882,51,88,5
52,4/1/21,154204,173528,2877,105,114,-8
53,3/31/21,154099,173414,2885,106,126,-20
54,3/30/21,153993,173288,2905,142,138,-23
55,3/28/21,153851,173150,2928,32,37,0
56,3/27/21,153819,173113,2928,86,82,-3
57,3/26/21,153733,173031,2931,76,93,15
58,3/25/21,153657,172938,2916,181,194,-41
59,3/24/21,153476,172744,2957,115,113,3
60,3/23/21,153361,172631,2954,106,142,-9
61,3/22/21,153255,172489,2963,30,31,-9
62,3/21/21,153225,172458,2972,34,72,2
63,3/20/21,153191,172386,2970,153,176,-55
64,3/19/21,153038,172210,3025,92,137,-1
65,3/18/21,152946,172073,3026,124,177,-37
66,3/17/21,152822,171896,3063,178,176,-29
67,3/16/21,152644,171720,3092,227,220,-51
68,3/15/21,152417,171500,3143,64,54,-1
69,3/14/21,152353,171446,3144,70,57,3
70,3/13/21,152283,171389,3141,151,188,-25
71,3/12/21,152132,171201,3166,182,238,39
72,3/11/21,151950,170963,3127,208,198,-66
73,3/10/21,151742,170765,3193,146,182,-11
74,3/9/21,151596,170583,3204,210,223,-1
75,3/8/21,151386,170360,3205,78,76,-21
76,3/7/21,151308,170284,3226,84,93,-12
77,3/6/21,151224,170191,3238,159,161,7
78,3/5/21,151065,170030,3231,261,285,24
79,3/4/21,150804,169745,3207,202,231,-30
80,3/3/21,150602,169514,3237,184,212,8
81,3/2/21,150418,169302,3229,217,251,-28
82,3/1/21,150201,169051,3257,55,73,-34
83,2/28/21,150146,168978,3291,1170,1043,1007
84,2/27/21,148976,167935,2284,241,336,-20
85,2/26/21,148735,167599,2304,270,282,-36
86,2/25/21,148465,167317,2340,378,380,-32
87,2/24/21,148087,166937,2372,366,432,5
88,2/23/21,147721,166505,2367,386,465,-17
89,2/22/21,147335,166040,2384,115,127,3
90,2/21/21,147220,165913,2381,141,152,-9
91,2/20/21,147079,165761,2390,216,261,40
92,2/19/21,146863,165500,2350,164,207,-103
93,2/18/21,146699,165293,2453,157,166,-70
94,2/17/21,146542,165127,2523,377,386,-96
95,2/16/21,146165,164741,2619,128,132,1610
96,2/15/21,146037,164609,1009,142,176,-1691
97,2/14/21,145895,164433,2700,231,236,-1
98,2/13/21,145664,164197,2701,462,485,1701
99,2/12/21,145202,163712,1000,308,308,-1745
100,2/11/21,144894,163404,2745,529,572,1787
101,2/10/21,144365,162832,958,514,545,-1752
102,2/9/21,143851,162287,2710,630,777,1760
103,2/8/21,143221,161510,950,320,339,-1714
104,2/7/21,142901,161171,2664,330,383,-41
105,2/6/21,142571,160788,2705,576,746,1766
106,2/5/21,141995,160042,939,951,1080,-1954
107,2/4/21,141044,158962,2893,1148,1267,1962
108,2/3/21,139896,157695,931,1109,1268,-1859
109,2/2/21,138787,156427,2790,715,751,1873
110,2/1/21,138072,155676,917,542,617,-1762
111,1/31/21,137530,155059,2679,389,496,-4
112,1/30/21,137141,154563,2683,879,982,1788
113,1/29/21,136262,153581,895,757,957,-1832
114,1/28/21,135505,152624,2727,915,1059,1845
115,1/27/21,134590,151565,882,814,957,-1921
116,1/26/21,133776,150608,2803,1154,1313,1936
117,1/25/21,132622,149295,867,287,392,-1961
118,1/24/21,132335,148903,2828,509,558,4
119,1/23/21,131826,148345,2824,733,868,12
120,1/22/21,131093,147477,2812,969,1111,82
121,1/21/21,130124,146366,2730,1413,1597,1899
122,1/20/21,128711,144769,831,1124,1305,-1712
123,1/19/21,127587,143464,2543,606,692,1732
124,1/18/21,126981,142772,811,463,593,6
125,1/17/21,126518,142179,805,489,542,-1707
126,1/16/21,126029,141637,2512,1167,1358,1720
127,1/15/21,124862,140279,792,1398,1557,-1533
128,1/14/21,123464,138722,2325,1016,1307,1551
129,1/13/21,122448,137415,774,1130,1284,-1330
130,1/12/21,121318,136131,2104,1458,1764,1350
131,1/11/21,119860,134367,754,587,684,-1366
132,1/10/21,119273,133683,2120,1533,1813,-16
133,1/9/21,117740,131870,2136,1341,1586,-41
134,1/8/21,116399,130284,2177,1267,1641,1458
135,1/7/21,115132,128643,719,1490,1823,10
136,1/6/21,113642,126820,709,1678,2033,16
137,1/5/21,111964,124787,693,1763,2187,-1287
138,1/4/21,110201,122600,1980,544,720,42
139,1/3/21,109657,121880,1938,997,1065,-29
140,1/2/21,108660,120815,1967,986,1080,-66
141,1/1/21,107674,119735,2033,1924,2281,1382
142,12/31/20,105750,117454,651,1200,1499,-1274
143,12/30/20,104550,115955,1925,1327,1732,125
144,12/29/20,103223,114223,1800,1133,1453,132
145,12/28/20,102090,112770,1668,799,874,-22
146,12/27/20,101291,111896,1690,418,524,-34
147,12/26/20,100873,111372,1724,340,377,-15
148,12/25/20,100533,110995,1739,964,1070,88
149,12/24/20,99569,109925,1651,1508,1630,66
150,12/23/20,98061,108295,1585,1354,1484,55
151,12/22/20,96707,106811,1530,826,1095,20
152,12/21/20,95881,105716,1510,660,786,11
153,12/20/20,95221,104930,1499,727,842,-33
154,12/19/20,94494,104088,1532,1381,1313,-1
155,12/18/20,93113,102775,1533,1270,1480,128
156,12/17/20,91843,101295,1405,1420,1545,74
157,12/16/20,90423,99750,1331,1024,1223,59
158,12/15/20,89399,98527,1272,953,1115,73
159,12/14/20,88446,97412,1199,658,703,-6
160,12/13/20,87788,96709,1205,630,805,15
161,12/12/20,87158,95904,1190,1158,1401,69
162,12/11/20,86000,94503,1121,1301,1443,26
163,12/10/20,84699,93060,1095,1058,1150,-6
164,12/9/20,83641,91910,1101,1073,1278,-24
165,12/8/20,82568,90632,1125,972,1265,46
166,12/7/20,81596,89367,1079,535,588,-5
167,12/6/20,81061,88779,1084,763,794,-15
168,12/5/20,80298,87985,1099,985,1252,8
169,12/4/20,79313,86733,1091,1247,1521,59
170,12/3/20,78066,85212,1032,1273,1448,68
171,12/2/20,76793,83764,964,973,1237,2
172,12/1/20,75820,82527,962,845,1097,8
173,11/30/20,74975,81430,954,481,642,-11
174,11/29/20,74494,80788,965,561,709,-49
175,11/28/20,73933,80079,1014,585,783,-19
176,11/27/20,73348,79296,1033,459,582,11
177,11/26/20,72889,78714,1022,999,1218,131
178,11/25/20,71890,77496,891,900,1134,-69
179,11/24/20,70990,76362,960,938,1103,81
180,11/23/20,70052,75259,879,456,567,-6
181,11/22/20,69596,74692,885,623,734,-5
182,11/21/20,68973,73958,890,855,1029,21
183,11/20/20,68118,72929,869,893,1133,35
184,11/19/20,67225,71796,834,1037,1156,45
185,11/18/20,66188,70640,789,746,979,-10
186,11/17/20,65442,69661,799,688,921,-55
187,11/16/20,64754,68740,854,559,719,30
188,11/15/20,64195,68021,824,347,494,33
189,11/14/20,63848,67527,791,808,1056,-16
190,11/13/20,63040,66471,807,956,1261,95
191,11/12/20,62084,65210,712,787,1018,4
192,11/11/20,61297,64192,708,846,1136,-20
193,11/10/20,60451,63056,728,651,792,-19
194,11/9/20,59800,62264,747,447,466,32
195,11/8/20,59353,61798,715,472,539,27
196,11/7/20,58881,61259,688,1695,1723,0
197,11/5/20,57186,59536,688,650,852,50
198,11/4/20,56536,58684,638,652,658,46
199,11/3/20,55884,58026,592,397,498,-17
200,11/2/20,55487,57528,609,240,321,-17
201,11/1/20,55247,57207,626,387,420,23
202,10/31/20,54860,56787,603,559,739,60
203,10/30/20,54301,56048,543,509,650,18
204,10/29/20,53792,55398,525,472,659,3
205,10/28/20,53320,54739,522,482,525,-59
206,10/27/20,52838,54214,581,370,518,-46
207,10/26/20,52468,53696,627,327,286,64
208,10/25/20,52141,53410,563,326,439,-1
209,10/24/20,51815,52971,564,476,636,32
210,10/23/20,51339,52335,532,542,766,71
211,10/22/20,50797,51569,461,562,648,29
212,10/21/20,50235,50921,432,531,590,-8
213,10/20/20,49704,50331,440,398,431,34
214,10/19/20,49306,49900,406,245,279,15
215,10/18/20,49061,49621,391,293,336,7
216,10/17/20,48768,49285,384,389,521,15
217,10/16/20,48379,48764,369,449,543,-27
218,10/15/20,47930,48221,396,605,736,23
219,10/14/20,47325,47485,373,502,517,-63
220,10/13/20,46823,46968,436,299,348,60
221,10/12/20,46524,46620,376,304,380,33
222,10/11/20,46220,46240,343,231,364,-30
223,10/10/20,45989,45876,373,417,421,18
224,10/9/20,45572,45455,355,514,629,70
225,10/8/20,45058,44826,285,518,740,24
226,10/7/20,44540,44086,261,389,408,7
227,10/6/20,44151,43678,254,345,329,12
228,10/5/20,43806,43349,242,197,202,-33
229,10/4/20,43609,43147,275,182,287,18
230,10/3/20,43427,42860,257,360,407,19
231,10/2/20,43067,42453,238,487,578,-21
232,10/1/20,42580,41875,259,518,655,-107
233,9/30/20,42062,41220,366,467,482,-49
234,9/29/20,41595,40738,415,326,371,-7
235,9/28/20,41269,40367,422,398,414,9
236,9/27/20,40871,39953,413,249,252,-5
237,9/26/20,40622,39701,418,420,384,-14
238,9/25/20,40202,39317,432,418,470,5
239,9/24/20,39784,38847,427,484,617,9
240,9/23/20,39300,38230,418,401,498,35
241,9/22/20,38899,37732,383,288,309,33
242,9/21/20,38611,37423,350,298,345,20
243,9/20/20,38313,37078,330,265,297,-2
244,9/19/20,38048,36781,332,489,588,1
245,9/18/20,37559,36193,331,478,383,1
246,9/17/20,37081,35810,330,486,512,10
247,9/16/20,36595,35298,320,306,394,-6
248,9/15/20,36289,34904,326,404,455,22
249,9/14/20,35885,34449,304,190,221,11
250,9/13/20,35695,34228,293,248,261,-3
251,9/12/20,35447,33967,296,838,950,0
252,9/11/20,34609,33017,296,534,563,11
253,9/10/20,34075,32454,285,195,205,10
254,9/9/20,33880,32249,275,167,212,-2
255,9/8/20,33713,32037,277,120,175,6
256,9/7/20,33593,31862,271,158,182,-1
257,9/6/20,33435,31680,272,301,372,10
258,9/5/20,33134,31308,262,223,291,14
259,9/4/20,32911,31017,248,530,542,1
260,9/3/20,32381,30475,247,399,549,22
261,9/2/20,31982,29926,225,247,362,21
262,9/1/20,31735,29564,204,123,166,6
263,8/31/20,31612,29398,198,160,205,-16
264,8/30/20,31452,29193,214,234,232,3
265,8/29/20,31218,28961,211,435,324,12
266,8/28/20,30783,28637,199,458,372,36
267,8/27/20,30325,28265,163,353,357,8
268,8/26/20,29972,27908,155,324,324,12
269,8/25/20,29648,27584,143,228,251,1
270,8/24/20,29420,27333,142,117,183,1
271,8/23/20,29303,27150,141,182,194,20
272,8/22/20,29121,26956,121,256,288,-1
273,8/21/20,28865,26668,122,416,460,3
274,8/20/20,28449,26208,119,259,288,11
275,8/19/20,28190,25920,108,350,376,2
276,8/18/20,27840,25544,106,174,225,3
277,8/17/20,27666,25319,103,209,200,11
278,8/16/20,27457,25119,92,383,275,3
279,8/15/20,27074,24844,89,-185,-209,15
280,8/14/20,27259,25053,74,372,251,-6
281,8/13/20,26887,24802,80,299,354,3
282,8/12/20,26588,24448,77,306,402,-1
283,8/11/20,26282,24046,78,205,209,-5
284,8/10/20,26077,23837,83,308,330,-31
285,8/9/20,25769,23507,114,304,261,7
286,8/8/20,25465,23246,107,394,399,7
287,8/7/20,25071,22847,100,556,454,-21
288,8/6/20,24515,22393,121,321,417,1
289,8/5/20,24194,21976,120,496,403,-3
290,8/4/20,23698,21573,123,357,419,13
291,8/3/20,23341,21154,110,342,433,8
292,8/2/20,22999,20721,102,274,353,12
293,8/1/20,22725,20368,90,329,304,10
294,7/31/20,22396,20064,80,342,446,29
295,7/30/20,22054,19618,51,377,407,-36
296,7/29/20,21677,19211,87,461,339,7
297,7/28/20,21216,18872,80,352,226,-13
298,7/27/20,20864,18646,93,366,612,-26
299,7/26/20,20498,18034,119,298,337,NA
300,7/25/20,20200,17697,NA,353,369,NA
301,7/24/20,19847,17328,NA,494,472,NA
302,7/23/20,19353,16856,NA,474,538,NA
303,7/22/20,18879,16318,NA,269,330,NA
304,7/21/20,18610,15988,NA,365,428,NA
305,7/20/20,18245,15560,NA,293,371,NA
306,7/19/20,17952,15189,NA,301,366,NA
307,7/18/20,17651,14823,NA,376,387,NA
308,7/17/20,17275,14436,NA,316,340,NA
309,7/16/20,16959,14096,NA,452,445,NA
310,7/15/20,16507,13651,NA,339,259,NA
311,7/14/20,16168,13392,NA,443,430,NA
312,7/13/20,15725,12962,NA,265,302,NA
313,7/12/20,15460,12660,NA,271,235,NA
314,7/11/20,15189,12425,NA,664,373,NA
315,7/10/20,14525,12052,NA,423,325,NA
316,7/9/20,14102,11727,NA,409,373,NA
317,7/8/20,13693,11354,NA,399,352,NA
318,7/7/20,13294,11002,NA,181,173,NA
319,7/6/20,13113,10829,NA,211,248,NA
320,7/5/20,12902,10581,NA,297,270,NA
321,7/4/20,12605,10311,NA,298,267,NA
322,7/3/20,12307,10044,NA,274,270,NA
323,7/2/20,12033,9774,NA,508,373,NA
324,7/1/20,11525,9401,NA,287,222,NA
325,6/30/20,11238,9179,NA,285,260,NA
326,6/29/20,10953,8919,NA,225,213,NA
327,6/28/20,10728,8706,NA,215,252,NA
328,6/27/20,10513,8454,NA,267,315,NA
329,6/26/20,10246,8139,NA,354,366,NA
330,6/25/20,9892,7773,NA,216,236,NA
331,6/24/20,9676,7537,NA,409,244,NA
332,6/23/20,9267,7293,NA,380,192,NA
333,6/22/20,8887,7101,NA,295,225,NA
334,6/21/20,8592,6876,NA,204,218,NA
335,6/20/20,8388,6658,NA,266,248,NA
336,6/19/20,8122,6410,NA,367,311,NA
337,6/18/20,7755,6099,NA,226,103,NA
338,6/17/20,7529,5996,NA,233,182,NA
339,6/16/20,7296,5814,NA,140,126,NA
340,6/15/20,7156,5688,NA,198,288,NA
341,6/14/20,6958,5400,NA,228,100,NA
342,6/13/20,6730,5300,NA,330,204,NA
343,6/12/20,6400,5096,NA,452,268,NA
344,6/11/20,5948,4828,NA,209,242,NA
345,6/10/20,5739,4586,NA,141,138,NA
346,6/9/20,5598,4448,NA,194,142,NA
347,6/8/20,5404,4306,NA,153,158,NA
348,6/7/20,5251,4148,NA,165,158,NA
349,6/6/20,5086,3990,NA,214,232,NA
350,6/5/20,4872,3758,NA,124,104,NA
351,6/4/20,4748,3654,NA,266,204,NA
352,6/3/20,4482,3450,NA,27,150,NA
353,6/2/20,4455,3300,NA,163,230,NA
354,6/1/20,4292,3070,NA,67,67,NA
355,5/31/20,4225,3003,NA,110,126,NA
356,5/30/20,4115,2877,NA,209,262,NA
357,5/28/20,3906,2615,NA,NA,NA,NA